21 7 2

0.2 0.2 0.13 0 0.0 0 1

0 1

0.7 0.3 0.02 0 0.0 0 1

1 0

0.23 0.4 0.12 0 0.0 0 1

0 1

0.23 0.87 0.11 0 0.0 0 1

1 0

0.78 0.32 0.21 0 0.0 0 1

1 0

0.78 0.77 0.1 0 0.0 0 1

1 0

0.32 0.22 0.88 0 0.0 0 1

1 0

0.23 0.33 0.0 0 0.0 0 1

0 1

0.83 0.31 0.0 0 0.0 0 1

1 0

0.34 0.1 0.3 1 0.0 0 1

1 0

0.74 0.2 0.3 1 0.0 0 1

1 0

0.11 0.3 0.0 0 0.0 0 1

0 1

0.83 0.1 0.2 0 0.3 0 1

1 0

0.20 0.1 0.0 0 1.0 0 1

0 1

0.88 0.3 0.0 0 1.0 0 1

0 1

0.28 0.88 0.0 0 0.3 0 1

1 0

0.42 0.32 0.6 0 0.0 1 1

0 1

0.23 0.78 0.3 0 0.0 1 1

1 0

0.23 0.22 0.65 0 0.0 1 0

1 0

0.11 0.35 0.68 0 0.0 0 1

1 0

0.15 0.22 0.62 0 0.0 0 0

0 1