24 6 2

0.57 1 0 1 1 0

1 0

0.66 1 1 1 1 0

0 1

0.63 1 1 0 1 0

1 0

0.43 1 0 0 0 0

1 0

0.46 1 1 0 0 0

0 1

0.26 1 1 0 0 0

0 1

0.49 1 0 1 0 0

1 0

0.88 1 1 1 0 0

0 1

0.76 0 1 0 1 0

1 0

0.75 0 1 1 1 0

1 0

0.66 0 0 1 1 0

1 0

0.76 0 0 0 1 0

1 0

0.74 0 1 1 1 1

1 0

0.78 0 1 0 1 1

1 0

0.65 0 1 1 0 1

1 0

0.77 1 1 1 1 1

0 1

0.43 1 1 0 1 1

0 1

0.55 1 0 1 1 1

1 0

0.72 1 0 0 1 1

1 0

0.12 1 1 0 0 0

1 0

0.14 1 1 0 0 0

1 0

0.46 1 1 1 0 1

0 1

0.56 0 0 1 0 0

1 0

0.13 0 0 1 0 0

1 0